       2518.7000  6.5626150e-013
       2519.4900  6.5556205e-013
       2520.2850  6.5495866e-013
       2521.0800  6.5424272e-013
       2521.8750  6.5338976e-013
       2522.6700  6.5274534e-013
       2523.4600  6.5216465e-013
       2524.2550  6.5157373e-013
       2525.0500  6.5096199e-013
       2525.8450  6.5020372e-013
       2526.6400  6.4957321e-013
       2527.4300  6.4901504e-013
       2528.2250  6.4834669e-013
       2529.0200  6.4751593e-013
       2529.8150  6.4692036e-013
       2530.6100  6.4633348e-013
       2531.4000  6.4581733e-013
       2532.1950  6.4523405e-013
       2532.9900  6.4439921e-013
       2533.7800  6.4380156e-013
       2534.5800  6.4329573e-013
       2535.3700  6.4278683e-013
       2536.1650  6.4214015e-013
       2536.9600  6.4131996e-013
       2537.7500  6.4080796e-013
       2538.5500  6.4028620e-013
       2539.3400  6.3963530e-013
       2540.1350  6.3892234e-013
       2540.9300  6.3835817e-013
       2541.7200  6.3787284e-013
       2542.5200  6.3734842e-013
       2543.3100  6.3670471e-013
       2544.1050  6.3600952e-013
       2544.9000  6.3553635e-013
       2545.6900  6.3500732e-013
       2546.4900  6.3432286e-013
       2547.2800  6.3368869e-013
       2548.0750  6.3322165e-013
       2548.8700  6.3265879e-013
       2549.6600  6.3218513e-013
       2550.4550  6.3161463e-013
       2551.2500  6.3101447e-013
       2552.0450  6.3055756e-013
       2552.8400  6.3017371e-013
       2553.6300  6.2958057e-013
       2554.4250  6.2906293e-013
       2555.2200  6.2869139e-013
       2556.0150  6.2829804e-013
       2556.8100  6.2792151e-013
       2557.6000  6.2733833e-013
       2558.3950  6.2681610e-013
       2559.1900  6.2645820e-013
       2559.9850  6.2606128e-013
       2560.7800  6.2544202e-013
       2561.5700  6.2498466e-013
       2562.3650  6.2461722e-013
       2563.1600  6.2423911e-013
       2563.9500  6.2385553e-013
       2564.7500  6.2324326e-013
       2565.5400  6.2277356e-013
       2566.3350  6.2246656e-013
       2567.1300  6.2211573e-013
       2567.9200  6.2149717e-013
       2568.7200  6.2107854e-013
       2569.5100  6.2077502e-013
       2570.3050  6.2046316e-013
       2571.1000  6.2005468e-013
       2571.8900  6.1952794e-013
       2572.6900  6.1920368e-013
       2573.4800  6.1889051e-013
       2574.2750  6.1844773e-013
       2575.0700  6.1794376e-013
       2575.8600  6.1765630e-013
       2576.6550  6.1737263e-013
       2577.4500  6.1710300e-013
       2578.2450  6.1673493e-013
       2579.0400  6.1622320e-013
       2579.8300  6.1593714e-013
       2580.6250  6.1568038e-013
       2581.4200  6.1525288e-013
       2582.2150  6.1481127e-013
       2583.0100  6.1462910e-013
       2583.8000  6.1434449e-013
       2584.5950  6.1415096e-013
       2585.3900  6.1378602e-013
       2586.1850  6.1332509e-013
       2586.9800  6.1314788e-013
       2587.7700  6.1297844e-013
       2588.5650  6.1253761e-013
       2589.3600  6.1214597e-013
       2590.1550  6.1200043e-013
       2590.9500  6.1188991e-013
       2591.7400  6.1172664e-013
       2592.5350  6.1136029e-013
       2593.3300  6.1101470e-013
       2594.1200  6.1086739e-013
       2594.9200  6.1076553e-013
       2595.7100  6.1036793e-013
       2596.5050  6.1013419e-013
       2597.3000  6.1005658e-013
       2598.0900  6.0995623e-013
       2598.8900  6.0985871e-013
       2599.6800  6.0950891e-013
       2600.4750  6.0954435e-013
       2601.2700  6.0996056e-013
       2602.0600  6.1032495e-013
       2602.8600  6.1040069e-013
       2603.6500  6.1073768e-013
       2604.4450  6.1110185e-013
       2605.2400  6.1144348e-013
       2606.0300  6.1182929e-013
       2606.8250  6.1199641e-013
       2607.6200  6.1233832e-013
       2608.4150  6.1277425e-013
       2609.2100  6.1310829e-013
       2610.0000  6.1327828e-013
       2610.7950  6.1367252e-013
       2611.5900  6.1408609e-013
       2612.3850  6.1450202e-013
       2613.1800  6.1487182e-013
       2613.9700  6.1513255e-013
       2614.7650  6.1552263e-013
       2615.5600  6.1602726e-013
       2616.3550  6.1637029e-013
       2617.1500  6.1659111e-013
       2617.9400  6.1710238e-013
       2618.7350  6.1751985e-013
       2619.5300  6.1801630e-013
       2620.3200  6.1837776e-013
       2621.1200  6.1859377e-013
       2621.9100  6.1910864e-013
       2622.7050  6.1955641e-013
       2623.5000  6.1986276e-013
       2624.2900  6.2021729e-013
       2625.0900  6.2073787e-013
       2625.8800  6.2115507e-013
       2626.6750  6.2168039e-013
       2627.4700  6.2198657e-013
       2628.2600  6.2226394e-013
       2629.0600  6.2280225e-013
       2629.8500  6.2323678e-013
       2630.6450  6.2354061e-013
       2631.4400  6.2390075e-013
       2632.2300  6.2434459e-013
       2633.0300  6.2478306e-013
       2633.8200  6.2522428e-013
       2634.6150  6.2554013e-013
       2635.4100  6.2590000e-013
       2636.2000  6.2635932e-013
       2636.9950  6.2679228e-013
       2637.7900  6.2699920e-013
       2638.5850  6.2737095e-013
       2639.3800  6.2783940e-013
       2640.1700  6.2826700e-013
       2640.9650  6.2861652e-013
       2641.7600  6.2882544e-013
       2642.5550  6.2920764e-013
       2643.3500  6.2965392e-013
       2644.1400  6.2995298e-013
       2644.9350  6.3007524e-013
       2645.7300  6.3049874e-013
       2646.5250  6.3090960e-013
       2647.3200  6.3128698e-013
       2648.1100  6.3159583e-013
       2648.9050  6.3162667e-013
       2649.7000  6.3193995e-013
       2650.4900  6.3234831e-013
       2651.2900  6.3282793e-013
       2652.0800  6.3330360e-013
       2652.8750  6.3348282e-013
       2653.6700  6.3386039e-013
       2654.4600  6.3431631e-013
       2655.2600  6.3465674e-013
       2656.0500  6.3485380e-013
       2656.8450  6.3528284e-013
       2657.6400  6.3563473e-013
       2658.4300  6.3603975e-013
       2659.2300  6.3637710e-013
       2660.0200  6.3646970e-013
       2660.8150  6.3679595e-013
       2661.6100  6.3724482e-013
       2662.4000  6.3749984e-013
       2663.2000  6.3763689e-013
       2663.9900  6.3799405e-013
       2664.7850  6.3833470e-013
       2665.5800  6.3870765e-013
       2666.3700  6.3887314e-013
       2667.1650  6.3892923e-013
       2667.9600  6.3929409e-013
       2668.7550  6.3964784e-013
       2669.5500  6.3994073e-013
       2670.3400  6.4010849e-013
       2671.1350  6.4025351e-013
       2671.9300  6.4061093e-013
       2672.7250  6.4088974e-013
       2673.5200  6.4103488e-013
       2674.3100  6.4118555e-013
       2675.1050  6.4146844e-013
       2675.9000  6.4182213e-013
       2676.6950  6.4210551e-013
       2677.4900  6.4225737e-013
       2678.2800  6.4241009e-013
       2679.0750  6.4267829e-013
       2679.8700  6.4293091e-013
       2680.6600  6.4329447e-013
       2681.4600  6.4343678e-013
       2682.2500  6.4353925e-013
       2683.0450  6.4391455e-013
       2683.8400  6.4418102e-013
       2684.6300  6.4431391e-013
       2685.4300  6.4449371e-013
       2686.2200  6.4479181e-013
       2687.0150  6.4515449e-013
       2687.8100  6.4553553e-013
       2688.6000  6.4561082e-013
       2689.4000  6.4577917e-013
       2690.1900  6.4617624e-013
       2690.9850  6.4652614e-013
       2691.7800  6.4665258e-013
       2692.5700  6.4685713e-013
       2693.3650  6.4717652e-013
       2694.1600  6.4754987e-013
       2694.9550  6.4791069e-013
       2695.7500  6.4813277e-013
       2696.5400  6.4844274e-013
       2697.3350  6.4881811e-013
       2698.1300  6.4918391e-013
       2698.9250  6.4954903e-013
       2699.7200  6.4975603e-013
       2700.5100  6.5022745e-013
       2701.3050  6.5084387e-013
       2702.1000  6.5132565e-013
       2702.8950  6.5169064e-013
       2703.6900  6.5226656e-013
       2704.4800  6.5289056e-013
       2705.2750  6.5351829e-013
       2706.0700  6.5410727e-013
       2706.8650  6.5447510e-013
       2707.6600  6.5503548e-013
       2708.4500  6.5573262e-013
       2709.2450  6.5644370e-013
       2710.0400  6.5703541e-013
       2710.8300  6.5740095e-013
       2711.6300  6.5805862e-013
       2712.4200  6.5876388e-013
       2713.2150  6.5933865e-013
       2714.0100  6.5982533e-013
       2714.8000  6.6043769e-013
       2715.6000  6.6115359e-013
       2716.3900  6.6191713e-013
       2717.1850  6.6255988e-013
       2717.9800  6.6293912e-013
       2718.7700  6.6365139e-013
       2719.5700  6.6444561e-013
       2720.3600  6.6500216e-013
       2721.1550  6.6543954e-013
       2721.9500  6.6620400e-013
       2722.7400  6.6684512e-013
       2723.5350  6.6757607e-013
       2724.3300  6.6822618e-013
       2725.1250  6.6873391e-013
       2725.9200  6.6938722e-013
       2726.7100  6.7013483e-013
       2727.5050  6.7084245e-013
       2728.3000  6.7142525e-013
       2729.0950  6.7194683e-013
       2729.8900  6.7260622e-013
       2730.6800  6.7327620e-013
       2731.4750  6.7383991e-013
       2732.2700  6.7439468e-013
       2733.0650  6.7506804e-013
       2733.8600  6.7573039e-013
       2734.6500  6.7641480e-013
       2735.4450  6.7692247e-013
       2736.2400  6.7739379e-013
       2737.0300  6.7807872e-013
       2737.8300  6.7876096e-013
       2738.6200  6.7935860e-013
       2739.4150  6.7983181e-013
       2740.2100  6.8027818e-013
       2741.0000  6.8085789e-013
       2741.8000  6.8156271e-013
       2742.5900  6.8195568e-013
       2743.3850  6.8237049e-013
       2744.1800  6.8296604e-013
       2744.9700  6.8353650e-013
       2745.7700  6.8413482e-013
       2746.5600  6.8451997e-013
       2747.3550  6.8488203e-013
       2748.1500  6.8539485e-013
       2748.9400  6.8597627e-013
       2749.7400  6.8621844e-013
       2750.5300  6.8655634e-013
       2751.3250  6.8699939e-013
       2752.1200  6.8743177e-013
       2752.9100  6.8786220e-013
       2753.7050  6.8794573e-013
       2754.5000  6.8823045e-013
       2755.2950  6.8865024e-013
       2756.0900  6.8896136e-013
       2756.8800  6.8928934e-013
       2757.6750  6.8937619e-013
       2758.4700  6.8957912e-013
       2759.2650  6.8993001e-013
       2760.0600  6.9024051e-013
       2760.8500  6.9045770e-013
       2761.6450  6.9054203e-013
       2762.4400  6.9068288e-013
       2763.2350  6.9090852e-013
       2764.0300  6.9112225e-013
       2764.8200  6.9135106e-013
       2765.6150  6.9134869e-013
       2766.4100  6.9142309e-013
       2767.2000  6.9166462e-013
       2768.0000  6.9187552e-013
       2768.7900  6.9200441e-013
       2769.5850  6.9188402e-013
       2770.3800  6.9189817e-013
       2771.1700  6.9212400e-013
       2771.9700  6.9222210e-013
       2772.7600  6.9234800e-013
       2773.5550  6.9225511e-013
       2774.3500  6.9219821e-013
       2775.1400  6.9232904e-013
       2775.9400  6.9243604e-013
       2776.7300  6.9245528e-013
       2777.5250  6.9233959e-013
       2778.3200  6.9223241e-013
       2779.1100  6.9226548e-013
       2779.9050  6.9238286e-013
       2780.7000  6.9215738e-013
       2781.4950  6.9203866e-013
       2782.2900  6.9205818e-013
       2783.0800  6.9205767e-013
       2783.8750  6.9206240e-013
       2784.6700  6.9182778e-013
       2785.4650  6.9171540e-013
       2786.2600  6.9169400e-013
       2787.0500  6.9158339e-013
       2787.8450  6.9160088e-013
       2788.6400  6.9127872e-013
       2789.4350  6.9109710e-013
       2790.2300  6.9109238e-013
       2791.0200  6.9097761e-013
       2791.8150  6.9099804e-013
       2792.6100  6.9070032e-013
       2793.4050  6.9043878e-013
       2794.2000  6.9035185e-013
       2794.9900  6.9023908e-013
       2795.7850  6.9014868e-013
       2796.5800  6.8983117e-013
       2797.3700  6.8957680e-013
       2798.1700  6.8946266e-013
       2798.9600  6.8923675e-013
       2799.7550  6.8915686e-013
       2800.5500  6.8870907e-013
       2801.3400  6.8813890e-013
       2802.1400  6.8772723e-013
       2802.9300  6.8739892e-013
       2803.7250  6.8699074e-013
       2804.5200  6.8634432e-013
       2805.3100  6.8578037e-013
       2806.1100  6.8546101e-013
       2806.9000  6.8501531e-013
       2807.6950  6.8459494e-013
       2808.4900  6.8397698e-013
       2809.2800  6.8335605e-013
       2810.0750  6.8293867e-013
       2810.8700  6.8249642e-013
       2811.6650  6.8208950e-013
       2812.4600  6.8141322e-013
       2813.2500  6.8070279e-013
       2814.0450  6.8029542e-013
       2814.8400  6.7986467e-013
       2815.6350  6.7935375e-013
       2816.4300  6.7871432e-013
       2817.2200  6.7805802e-013
       2818.0150  6.7753279e-013
       2818.8100  6.7710087e-013
       2819.6050  6.7660041e-013
       2820.4000  6.7597059e-013
       2821.1900  6.7531763e-013
       2821.9850  6.7478617e-013
       2822.7800  6.7426599e-013
       2823.5750  6.7352847e-013
       2824.3700  6.7284093e-013
       2825.1600  6.7232990e-013
       2825.9550  6.7179208e-013
       2826.7500  6.7127663e-013
       2827.5400  6.7055692e-013
       2828.3400  6.6986489e-013
       2829.1300  6.6933647e-013
       2829.9250  6.6869091e-013
       2830.7200  6.6816702e-013
       2831.5100  6.6747658e-013
       2832.3100  6.6673036e-013
       2833.1000  6.6611022e-013
       2833.8950  6.6547247e-013
       2834.6900  6.6496158e-013
       2835.4800  6.6421397e-013
       2836.2800  6.6338386e-013
       2837.0700  6.6279239e-013
       2837.8650  6.6227045e-013
       2838.6600  6.6168624e-013
       2839.4500  6.6089951e-013
       2840.2450  6.6008512e-013
       2841.0400  6.5948089e-013
       2841.8350  6.5885443e-013
       2842.6300  6.5825428e-013
       2843.4200  6.5750008e-013
       2844.2150  6.5665094e-013
       2845.0100  6.5594326e-013
       2845.8050  6.5531872e-013
       2846.6000  6.5473805e-013
       2847.3900  6.5393332e-013
       2848.1850  6.5302964e-013
       2848.9800  6.5243493e-013
       2849.7750  6.5172976e-013
       2850.5700  6.5098997e-013
       2851.3600  6.5016201e-013
       2852.1550  6.4928598e-013
       2852.9500  6.4853704e-013
       2853.7400  6.4778770e-013
       2854.5400  6.4705176e-013
       2855.3300  6.4619317e-013
       2856.1250  6.4522750e-013
       2856.9200  6.4448659e-013
       2857.7100  6.4374691e-013
       2858.5100  6.4301838e-013
       2859.3000  6.4218306e-013
       2860.0950  6.4120222e-013
       2860.8900  6.4036160e-013
       2861.6800  6.3961278e-013
       2862.4800  6.3889538e-013
       2863.2700  6.3807725e-013
       2864.0650  6.3710421e-013
       2864.8600  6.3626643e-013
       2865.6500  6.3552275e-013
       2866.4500  6.3482148e-013
       2867.2400  6.3398158e-013
       2868.0350  6.3292387e-013
       2868.8300  6.3219004e-013
       2869.6200  6.3148715e-013
       2870.4150  6.3072181e-013
       2871.2100  6.2984891e-013
       2872.0050  6.2890179e-013
       2872.8000  6.2817952e-013
       2873.5900  6.2739218e-013
       2874.3850  6.2663380e-013
       2875.1800  6.2586994e-013
       2875.9750  6.2491646e-013
       2876.7700  6.2409011e-013
       2877.5600  6.2335925e-013
       2878.3550  6.2266199e-013
       2879.1500  6.2193784e-013
       2879.9450  6.2112983e-013
       2880.7400  6.2018862e-013
       2881.5300  6.1940654e-013
       2882.3250  6.1872120e-013
       2883.1200  6.1802205e-013
       2883.9100  6.1732837e-013
       2884.7100  6.1640736e-013
       2885.5000  6.1561743e-013
       2886.2950  6.1493855e-013
       2887.0900  6.1424498e-013
       2887.8800  6.1356039e-013
       2888.6800  6.1265324e-013
       2889.4700  6.1186123e-013
       2890.2650  6.1118427e-013
       2891.0600  6.1050208e-013
       2891.8500  6.0990974e-013
       2892.6500  6.0925749e-013
       2893.4400  6.0841989e-013
       2894.2350  6.0758468e-013
       2895.0300  6.0701527e-013
       2895.8200  6.0642957e-013
       2896.6150  6.0577793e-013
       2897.4100  6.0500495e-013
       2898.2050  6.0423995e-013
       2899.0000  6.0366431e-013
       2899.7900  6.0308331e-013
       2900.5850  6.0244180e-013
       2901.3800  6.0178667e-013
       2902.1750  6.0109589e-013
       2902.9700  6.0030563e-013
       2903.7600  5.9964491e-013
       2904.5550  5.9898841e-013
       2905.3500  5.9838873e-013
       2906.1450  5.9778779e-013
       2906.9400  5.9699739e-013
       2907.7300  5.9632744e-013
       2908.5250  5.9574237e-013
       2909.3200  5.9520281e-013
       2910.1150  5.9460411e-013
       2910.9100  5.9381792e-013
       2911.7000  5.9323009e-013
       2912.4950  5.9268348e-013
       2913.2900  5.9212038e-013
       2914.0800  5.9158241e-013
       2914.8800  5.9112267e-013
       2915.6700  5.9038914e-013
       2916.4650  5.8971913e-013
       2917.2600  5.8921275e-013
       2918.0500  5.8875683e-013
       2918.8500  5.8830376e-013
       2919.6400  5.8757514e-013
       2920.4350  5.8695393e-013
       2921.2300  5.8652032e-013
       2922.0200  5.8605258e-013
       2922.8200  5.8551155e-013
       2923.6100  5.8484650e-013
       2924.4050  5.8426998e-013
       2925.2000  5.8382818e-013
       2925.9900  5.8337003e-013
       2926.7850  5.8290797e-013
       2927.5800  5.8246729e-013
       2928.3750  5.8188538e-013
       2929.1700  5.8126161e-013
       2929.9600  5.8090637e-013
       2930.7550  5.8045588e-013
       2931.5500  5.8001365e-013
       2932.3450  5.7944522e-013
       2933.1400  5.7881535e-013
       2933.9300  5.7845980e-013
       2934.7250  5.7800704e-013
       2935.5200  5.7762861e-013
       2936.3150  5.7713068e-013
       2937.1100  5.7648550e-013
       2937.9000  5.7612897e-013
       2938.6950  5.7568315e-013
       2939.4900  5.7527566e-013
       2940.2800  5.7493202e-013
       2941.0800  5.7452045e-013
       2941.8700  5.7384981e-013
       2942.6650  5.7342335e-013
       2943.4600  5.7307317e-013
       2944.2500  5.7272141e-013
       2945.0500  5.7232412e-013
       2945.8400  5.7165727e-013
       2946.6350  5.7122148e-013
       2947.4300  5.7087521e-013
       2948.2200  5.7051938e-013
       2949.0200  5.7013775e-013
       2949.8100  5.6956328e-013
       2950.6050  5.6914123e-013
       2951.4000  5.6879193e-013
       2952.1900  5.6842867e-013
       2952.9900  5.6806000e-013
       2953.7800  5.6771498e-013
       2954.5750  5.6718455e-013
       2955.3700  5.6669604e-013
       2956.1600  5.6635516e-013
       2956.9550  5.6599082e-013
       2957.7500  5.6564660e-013
       2958.5450  5.6511767e-013
       2959.3400  5.6466269e-013
       2960.1300  5.6439858e-013
       2960.9250  5.6403236e-013
       2961.7200  5.6368963e-013
       2962.5150  5.6317963e-013
       2963.3100  5.6267253e-013
       2964.1000  5.6234672e-013
       2964.8950  5.6207372e-013
       2965.6900  5.6172717e-013
       2966.4850  5.6138073e-013
       2967.2800  5.6093507e-013
       2968.0700  5.6039285e-013
       2968.8650  5.6012311e-013
       2969.6600  5.5978679e-013
       2970.4500  5.5944304e-013
       2971.2500  5.5900690e-013
       2972.0400  5.5845950e-013
       2972.8350  5.5818498e-013
       2973.6300  5.5785462e-013
       2974.4200  5.5748805e-013
       2975.2200  5.5716505e-013
       2976.0100  5.5688468e-013
       2976.8050  5.5632470e-013
       2977.6000  5.5591046e-013
       2978.3900  5.5556733e-013
       2979.1900  5.5524007e-013
       2979.9800  5.5496760e-013
       2980.7750  5.5441502e-013
       2981.5700  5.5398554e-013
       2982.3600  5.5369390e-013
       2983.1550  5.5341896e-013
       2983.9500  5.5306185e-013
       2984.7450  5.5251108e-013
       2985.5400  5.5207912e-013
       2986.3300  5.5178647e-013
       2987.1250  5.5150918e-013
       2987.9200  5.5115434e-013
       2988.7150  5.5082237e-013
       2989.5100  5.5031929e-013
       2990.3000  5.4986611e-013
       2991.0950  5.4961205e-013
       2991.8900  5.4926202e-013
       2992.6850  5.4891145e-013
       2993.4800  5.4858057e-013
       2994.2700  5.4815289e-013
       2995.0650  5.4762051e-013
       2995.8600  5.4735775e-013
       2996.6550  5.4703233e-013
       2997.4500  5.4667976e-013
       2998.2400  5.4634479e-013
       2999.0350  5.4598240e-013
       2999.8300  5.4542645e-013
       3000.6200  5.4510192e-013
       3001.4200  5.4486284e-013
       3002.2100  5.4460477e-013
       3003.0050  5.4434556e-013
       3003.8000  5.4410176e-013
       3004.5900  5.4368202e-013
       3005.3900  5.4330620e-013
       3006.1800  5.4306916e-013
       3006.9750  5.4281236e-013
       3007.7700  5.4255436e-013
       3008.5600  5.4231721e-013
       3009.3600  5.4195614e-013
       3010.1500  5.4152682e-013
       3010.9450  5.4128211e-013
       3011.7400  5.4102716e-013
       3012.5300  5.4077187e-013
       3013.3250  5.4053324e-013
       3014.1200  5.4022710e-013
       3014.9150  5.3968491e-013
       3015.7100  5.3939150e-013
       3016.5000  5.3915346e-013
       3017.2950  5.3889796e-013
       3018.0900  5.3864587e-013
       3018.8850  5.3839801e-013
       3019.6800  5.3796257e-013
       3020.4700  5.3762028e-013
       3021.2650  5.3738442e-013
       3022.0600  5.3713101e-013
       3022.8550  5.3688111e-013
       3023.6500  5.3657670e-013
       3024.4400  5.3616260e-013
       3025.2350  5.3576267e-013
       3026.0300  5.3552637e-013
       3026.8200  5.3527503e-013
       3027.6200  5.3502069e-013
       3028.4100  5.3478539e-013
       3029.2050  5.3447579e-013
       3030.0000  5.3402529e-013
       3030.7900  5.3376692e-013
       3031.5900  5.3352172e-013
       3032.3800  5.3327189e-013
       3033.1750  5.3302682e-013
       3033.9700  5.3277077e-013
       3034.7600  5.3232919e-013
       3035.5600  5.3201089e-013
       3036.3500  5.3177854e-013
       3037.1450  5.3152796e-013
       3037.9400  5.3127640e-013
       3038.7300  5.3104567e-013
       3039.5300  5.3064868e-013
       3040.3200  5.3027094e-013
       3041.1150  5.3004045e-013
       3041.9100  5.2979142e-013
       3042.7000  5.2954278e-013
       3043.4950  5.2930422e-013
       3044.2900  5.2900750e-013
       3045.0850  5.2864809e-013
       3045.8800  5.2840227e-013
       3046.6700  5.2815869e-013
       3047.4650  5.2790330e-013
       3048.2600  5.2769297e-013
       3049.0550  5.2750029e-013
       3049.8500  5.2705146e-013
       3050.6400  5.2679073e-013
       3051.4350  5.2665502e-013
       3052.2300  5.2651267e-013
       3053.0250  5.2631276e-013
       3053.8200  5.2620351e-013
       3054.6100  5.2585528e-013
       3055.4050  5.2558788e-013
       3056.2000  5.2546750e-013
       3056.9900  5.2526541e-013
       3057.7900  5.2514259e-013
       3058.5800  5.2497843e-013
       3059.3750  5.2470552e-013
       3060.1700  5.2442619e-013
       3060.9600  5.2431427e-013
       3061.7600  5.2411566e-013
       3062.5500  5.2396553e-013
       3063.3450  5.2386567e-013
       3064.1400  5.2368717e-013
       3064.9300  5.2328994e-013
       3065.7300  5.2313446e-013
       3066.5200  5.2302506e-013
       3067.3150  5.2290549e-013
       3068.1100  5.2277325e-013
       3068.9000  5.2257669e-013
       3069.7000  5.2226135e-013
       3070.4900  5.2206222e-013
       3071.2850  5.2195684e-013
       3072.0800  5.2183380e-013
       3072.8700  5.2171159e-013
       3073.6650  5.2160729e-013
       3074.4600  5.2136577e-013
       3075.2550  5.2107022e-013
       3076.0500  5.2089102e-013
       3076.8400  5.2076894e-013
       3077.6350  5.2064753e-013
       3078.4300  5.2054017e-013
       3079.2250  5.2035713e-013
       3080.0200  5.2004483e-013
       3080.8100  5.1991854e-013
       3081.6050  5.1980228e-013
       3082.4000  5.1967942e-013
       3083.1950  5.1956476e-013
       3083.9900  5.1943662e-013
       3084.7800  5.1912585e-013
       3085.5750  5.1894371e-013
       3086.3700  5.1883676e-013
       3087.1600  5.1871600e-013
       3087.9600  5.1859363e-013
       3088.7500  5.1848953e-013
       3089.5450  5.1822342e-013
       3090.3400  5.1798437e-013
       3091.1300  5.1786655e-013
       3091.9300  5.1766706e-013
       3092.7200  5.1753792e-013
       3093.5150  5.1743766e-013
       3094.3100  5.1723263e-013
       3095.1000  5.1693778e-013
       3095.9000  5.1682171e-013
       3096.6900  5.1670528e-013
       3097.4850  5.1658362e-013
       3098.2800  5.1647252e-013
       3099.0700  5.1633026e-013
       3099.8650  5.1601493e-013
       3100.6600  5.1586570e-013
       3101.4550  5.1577013e-013
       3102.2500  5.1566188e-013
       3103.0400  5.1555588e-013
       3103.8350  5.1546267e-013
       3104.6300  5.1512570e-013
       3105.4250  5.1487908e-013
       3106.2200  5.1479666e-013
       3107.0100  5.1468922e-013
       3107.8050  5.1457985e-013
       3108.6000  5.1447168e-013
       3109.3950  5.1437770e-013
       3110.1900  5.1422065e-013
       3110.9800  5.1392153e-013
       3111.7750  5.1372693e-013
       3112.5700  5.1360369e-013
       3113.3650  5.1350172e-013
       3114.1600  5.1339311e-013
       3114.9500  5.1328644e-013
       3115.7450  5.1319439e-013
       3116.5400  5.1295189e-013
       3117.3300  5.1268825e-013
       3118.1300  5.1253000e-013
       3118.9200  5.1242693e-013
       3119.7150  5.1231971e-013
       3120.5100  5.1221219e-013
       3121.3000  5.1212187e-013
       3122.1000  5.1197403e-013
       3122.8900  5.1159745e-013
       3123.6850  5.1144697e-013
       3124.4800  5.1135701e-013
       3125.2700  5.1125058e-013
       3126.0700  5.1114303e-013
       3126.8600  5.1104095e-013
       3127.6550  5.1088571e-013
       3128.4500  5.1062391e-013
       3129.2400  5.1038181e-013
       3130.0350  5.1029081e-013
       3130.8300  5.1018951e-013
       3131.6250  5.1001906e-013
       3132.4200  5.0987327e-013
       3133.2100  5.0978255e-013
       3134.0050  5.0966693e-013
       3134.8000  5.0937846e-013
       3135.5950  5.0915819e-013
       3136.3900  5.0902431e-013
       3137.1800  5.0892633e-013
       3137.9750  5.0881940e-013
       3138.7700  5.0872012e-013
       3139.5650  5.0857372e-013
       3140.3600  5.0832766e-013
       3141.1500  5.0806806e-013
       3141.9450  5.0797170e-013
       3142.7400  5.0787484e-013
       3143.5300  5.0771497e-013
       3144.3300  5.0755973e-013
       3145.1200  5.0746648e-013
       3145.9150  5.0736374e-013
       3146.7100  5.0709081e-013
       3147.5000  5.0685831e-013
       3148.3000  5.0671742e-013
       3149.0900  5.0661964e-013
       3149.8850  5.0651232e-013
       3150.6800  5.0643709e-013
       3151.4700  5.0639237e-013
       3152.2700  5.0622201e-013
       3153.0600  5.0590320e-013
       3153.8550  5.0583462e-013
       3154.6500  5.0577128e-013
       3155.4400  5.0570709e-013
       3156.2400  5.0562003e-013
       3157.0300  5.0546461e-013
       3157.8250  5.0520459e-013
       3158.6200  5.0509040e-013
       3159.4100  5.0504001e-013
       3160.2050  5.0494839e-013
       3161.0000  5.0480438e-013
       3161.7950  5.0473105e-013
       3162.5900  5.0468277e-013
       3163.3800  5.0451455e-013
       3164.1750  5.0428980e-013
       3164.9700  5.0423074e-013
       3165.7650  5.0408957e-013
       3166.5600  5.0399523e-013
       3167.3500  5.0393251e-013
       3168.1450  5.0387084e-013
       3168.9400  5.0380175e-013
       3169.7350  5.0348404e-013
       3170.5300  5.0331820e-013
       3171.3200  5.0327147e-013
       3172.1150  5.0320204e-013
       3172.9100  5.0313379e-013
       3173.7000  5.0307168e-013
       3174.5000  5.0296725e-013
       3175.2900  5.0277166e-013
       3176.0850  5.0253571e-013
       3176.8800  5.0246983e-013
       3177.6700  5.0240624e-013
       3178.4700  5.0234355e-013
       3179.2600  5.0224784e-013
       3180.0550  5.0211016e-013
       3180.8500  5.0205251e-013
       3181.6400  5.0182619e-013
       3182.4400  5.0166312e-013
       3183.2300  5.0161593e-013
       3184.0250  5.0154348e-013
       3184.8200  5.0140077e-013
       3185.6100  5.0131350e-013
       3186.4050  5.0126547e-013
       3187.2000  5.0114577e-013
       3187.9950  5.0089172e-013
       3188.7900  5.0081468e-013
       3189.5800  5.0076214e-013
       3190.3750  5.0065591e-013
       3191.1700  5.0052514e-013
       3191.9650  5.0046138e-013
       3192.7600  5.0041045e-013
       3193.5500  5.0020255e-013
       3194.3450  5.0001770e-013
       3195.1400  4.9996935e-013
       3195.9350  4.9990296e-013
       3196.7300  4.9976531e-013
       3197.5200  4.9967088e-013
       3198.3150  4.9962162e-013
       3199.1100  4.9952194e-013
       3199.9050  4.9926437e-013
       3200.7000  4.9921918e-013
       3201.4900  4.9922318e-013
       3202.2850  4.9921682e-013
       3203.0800  4.9919707e-013
       3203.8700  4.9911279e-013
       3204.6700  4.9910625e-013
       3205.4600  4.9898210e-013
       3206.2550  4.9883383e-013
       3207.0500  4.9883980e-013
       3207.8400  4.9882974e-013
       3208.6400  4.9881960e-013
       3209.4300  4.9882467e-013
       3210.2250  4.9876019e-013
       3211.0200  4.9856505e-013
       3211.8100  4.9847601e-013
       3212.6100  4.9845406e-013
       3213.4000  4.9845068e-013
       3214.1950  4.9844081e-013
       3214.9900  4.9843112e-013
       3215.7800  4.9843662e-013
       3216.5750  4.9828079e-013
       3217.3700  4.9816197e-013
       3218.1650  4.9817145e-013
       3218.9600  4.9816192e-013
       3219.7500  4.9815893e-013
       3220.5450  4.9809444e-013
       3221.3400  4.9805087e-013
       3222.1350  4.9801274e-013
       3222.9300  4.9781691e-013
       3223.7200  4.9778629e-013
       3224.5150  4.9778730e-013
       3225.3100  4.9777823e-013
       3226.1050  4.9776920e-013
       3226.9000  4.9776021e-013
       3227.6900  4.9776982e-013
       3228.4850  4.9763729e-013
       3229.2800  4.9750095e-013
       3230.0750  4.9749993e-013
       3230.8700  4.9741674e-013
       3231.6600  4.9739408e-013
       3232.4550  4.9739119e-013
       3233.2500  4.9738363e-013
       3234.0400  4.9737631e-013
       3234.8400  4.9737888e-013
       3235.6300  4.9721376e-013
       3236.4250  4.9711094e-013
       3237.2200  4.9712128e-013
       3238.0100  4.9711294e-013
       3238.8100  4.9710457e-013
       3239.6000  4.9709755e-013
       3240.3950  4.9709019e-013
       3241.1900  4.9708868e-013
       3241.9800  4.9707605e-013
       3242.7800  4.9689295e-013
       3243.5700  4.9677125e-013
       3244.3650  4.9673409e-013
       3245.1600  4.9673363e-013
       3245.9500  4.9672724e-013
       3246.7450  4.9671964e-013
       3247.5400  4.9671178e-013
       3248.3350  4.9671692e-013
       3249.1300  4.9667511e-013
       3249.9200  4.9648081e-013
       3250.7150  4.9647133e-013
       3251.5100  4.9649917e-013
       3252.3050  4.9651474e-013
       3253.1000  4.9653048e-013
       3253.8900  4.9654616e-013
       3254.6850  4.9656327e-013
       3255.4800  4.9657982e-013
       3256.2750  4.9660956e-013
       3257.0700  4.9659599e-013
       3257.8600  4.9635383e-013
       3258.6550  4.9631844e-013
       3259.4500  4.9635182e-013
       3260.2400  4.9636845e-013
       3261.0400  4.9638620e-013
       3261.8300  4.9640252e-013
       3262.6250  4.9641883e-013
       3263.4200  4.9645091e-013
       3264.2100  4.9641432e-013
       3265.0100  4.9624788e-013
       3265.8000  4.9625829e-013
       3266.5950  4.9628321e-013
       3267.3900  4.9630079e-013
       3268.1800  4.9631740e-013
       3268.9800  4.9633449e-013
       3269.7700  4.9635272e-013
       3270.5650  4.9638766e-013
       3271.3600  4.9631272e-013
       3272.1500  4.9617235e-013
       3272.9500  4.9619982e-013
       3273.7400  4.9621986e-013
       3274.5350  4.9623771e-013
       3275.3300  4.9625494e-013
       3276.1200  4.9627257e-013
       3276.9150  4.9629150e-013
       3277.7100  4.9632613e-013
       3278.5050  4.9621517e-013
       3279.3000  4.9610742e-013
       3280.0900  4.9614329e-013
       3280.8850  4.9616105e-013
       3281.6800  4.9618015e-013
       3282.4750  4.9619861e-013
       3283.2700  4.9621704e-013
       3284.0600  4.9623821e-013
       3284.8550  4.9626587e-013
       3285.6500  4.9612502e-013
       3286.4450  4.9605410e-013
       3287.2400  4.9609012e-013
       3288.0300  4.9610969e-013
       3288.8250  4.9612808e-013
       3289.6200  4.9614769e-013
       3290.4100  4.9616678e-013
       3291.2100  4.9619329e-013
       3292.0000  4.9620577e-013
       3292.7950  4.9604127e-013
       3293.5900  4.9600833e-013
       3294.3800  4.9603683e-013
       3295.1800  4.9607455e-013
       3295.9700  4.9616793e-013
       3296.7650  4.9619220e-013
       3297.5600  4.9620899e-013
       3298.3500  4.9622885e-013
       3299.1500  4.9625324e-013
       3299.9400  4.9627423e-013
       3300.7350  4.9612985e-013
       3301.5300  4.9609492e-013
       3302.3200  4.9613805e-013
       3303.1150  4.9618188e-013
       3303.9100  4.9628911e-013
       3304.7050  4.9633087e-013
       3305.5000  4.9635902e-013
       3306.2900  4.9640178e-013
       3307.0850  4.9640903e-013
       3307.8800  4.9625570e-013
       3308.6750  4.9624842e-013
       3309.4700  4.9633988e-013
       3310.2600  4.9642588e-013
       3311.0550  4.9645287e-013
       3311.8500  4.9648636e-013
       3312.6450  4.9651173e-013
       3313.4400  4.9660430e-013
       3314.2300  4.9663427e-013
       3315.0250  4.9648165e-013
       3315.8200  4.9651164e-013
       3316.6150  4.9655066e-013
       3317.4100  4.9657814e-013
       3318.2000  4.9663238e-013
       3318.9950  4.9673873e-013
       3319.7900  4.9677625e-013
       3320.5800  4.9681687e-013
       3321.3800  4.9679179e-013
       3322.1700  4.9673314e-013
       3322.9650  4.9677462e-013
       3323.7600  4.9680845e-013
       3324.5500  4.9683551e-013
       3325.3500  4.9690599e-013
       3326.1400  4.9700386e-013
       3326.9350  4.9703513e-013
       3327.7300  4.9707787e-013
       3328.5200  4.9703214e-013
       3329.3200  4.9699331e-013
       3330.1100  4.9703701e-013
       3330.9050  4.9706899e-013
