2518.50 
2518.90 
2519.29 
2519.69 
2520.09 
2520.48 
2520.88 
2521.28 
2521.68 
2522.07 
2522.47 
2522.87 
2523.26 
2523.66 
2524.06 
2524.45 
2524.85 
2525.25 
2525.65 
2526.04 
2526.44 
2526.84 
2527.23 
2527.63 
2528.03 
2528.42 
2528.82 
2529.22 
2529.62 
2530.01 
2530.41 
2530.81 
2531.20 
2531.60 
2532.00 
2532.39 
2532.79 
2533.19 
2533.58 
2533.98 
2534.38 
2534.78 
2535.17 
2535.57 
2535.97 
2536.36 
2536.76 
2537.16 
2537.55 
2537.95 
2538.35 
2538.75 
2539.14 
2539.54 
2539.94 
2540.33 
2540.73 
2541.13 
2541.52 
2541.92 
2542.32 
2542.72 
2543.11 
2543.51 
2543.91 
2544.30 
2544.70 
2545.10 
2545.49 
2545.89 
2546.29 
2546.69 
2547.08 
2547.48 
2547.88 
2548.27 
2548.67 
2549.07 
2549.46 
2549.86 
2550.26 
2550.65 
2551.05 
2551.45 
2551.85 
2552.24 
2552.64 
2553.04 
2553.43 
2553.83 
2554.23 
2554.62 
2555.02 
2555.42 
2555.82 
2556.21 
2556.61 
2557.01 
2557.40 
2557.80 
2558.20 
2558.59 
2558.99 
2559.39 
2559.79 
2560.18 
2560.58 
2560.98 
2561.37 
2561.77 
2562.17 
2562.56 
2562.96 
2563.36 
2563.75 
2564.15 
2564.55 
2564.95 
2565.34 
2565.74 
2566.14 
2566.53 
2566.93 
2567.33 
2567.72 
2568.12 
2568.52 
2568.92 
2569.31 
2569.71 
2570.11 
2570.50 
2570.90 
2571.30 
2571.69 
2572.09 
2572.49 
2572.89 
2573.28 
2573.68 
2574.08 
2574.47 
2574.87 
2575.27 
2575.66 
2576.06 
2576.46 
2576.85 
2577.25 
2577.65 
2578.05 
2578.44 
2578.84 
2579.24 
2579.63 
2580.03 
2580.43 
2580.82 
2581.22 
2581.62 
2582.02 
2582.41 
2582.81 
2583.21 
2583.60 
2584.00 
2584.40 
2584.79 
2585.19 
2585.59 
2585.99 
2586.38 
2586.78 
2587.18 
2587.57 
2587.97 
2588.37 
2588.76 
2589.16 
2589.56 
2589.96 
2590.35 
2590.75 
2591.15 
2591.54 
2591.94 
2592.34 
2592.73 
2593.13 
2593.53 
2593.92 
2594.32 
2594.72 
2595.12 
2595.51 
2595.91 
2596.31 
2596.70 
2597.10 
2597.50 
2597.89 
2598.29 
2598.69 
2599.09 
2599.48 
2599.88 
2600.28 
2600.67 
2601.07 
2601.47 
2601.86 
2602.26 
2602.66 
2603.06 
2603.45 
2603.85 
2604.25 
2604.64 
2605.04 
2605.44 
2605.83 
2606.23 
2606.63 
2607.02 
2607.42 
2607.82 
2608.22 
2608.61 
2609.01 
2609.41 
2609.80 
2610.20 
2610.60 
2610.99 
2611.39 
2611.79 
2612.19 
2612.58 
2612.98 
2613.38 
2613.77 
2614.17 
2614.57 
2614.96 
2615.36 
2615.76 
2616.16 
2616.55 
2616.95 
2617.35 
2617.74 
2618.14 
2618.54 
2618.93 
2619.33 
2619.73 
2620.12 
2620.52 
2620.92 
2621.32 
2621.71 
2622.11 
2622.51 
2622.90 
2623.30 
2623.70 
2624.09 
2624.49 
2624.89 
2625.29 
2625.68 
2626.08 
2626.48 
2626.87 
2627.27 
2627.67 
2628.06 
2628.46 
2628.86 
2629.26 
2629.65 
2630.05 
2630.45 
2630.84 
2631.24 
2631.64 
2632.03 
2632.43 
2632.83 
2633.23 
2633.62 
2634.02 
2634.42 
2634.81 
2635.21 
2635.61 
2636.00 
2636.40 
2636.80 
2637.19 
2637.59 
2637.99 
2638.39 
2638.78 
2639.18 
2639.58 
2639.97 
2640.37 
2640.77 
2641.16 
2641.56 
2641.96 
2642.36 
2642.75 
2643.15 
2643.55 
2643.94 
2644.34 
2644.74 
2645.13 
2645.53 
2645.93 
2646.33 
2646.72 
2647.12 
2647.52 
2647.91 
2648.31 
2648.71 
2649.10 
2649.50 
2649.90 
2650.29 
2650.69 
2651.09 
2651.49 
2651.88 
2652.28 
2652.68 
2653.07 
2653.47 
2653.87 
2654.26 
2654.66 
2655.06 
2655.46 
2655.85 
2656.25 
2656.65 
2657.04 
2657.44 
2657.84 
2658.23 
2658.63 
2659.03 
2659.43 
2659.82 
2660.22 
2660.62 
2661.01 
2661.41 
2661.81 
2662.20 
2662.60 
2663.00 
2663.40 
2663.79 
2664.19 
2664.59 
2664.98 
2665.38 
2665.78 
2666.17 
2666.57 
2666.97 
2667.36 
2667.76 
2668.16 
2668.56 
2668.95 
2669.35 
2669.75 
2670.14 
2670.54 
2670.94 
2671.33 
2671.73 
2672.13 
2672.53 
2672.92 
2673.32 
2673.72 
2674.11 
2674.51 
2674.91 
2675.30 
2675.70 
2676.10 
2676.50 
2676.89 
2677.29 
2677.69 
2678.08 
2678.48 
2678.88 
2679.27 
2679.67 
2680.07 
2680.46 
2680.86 
2681.26 
2681.66 
2682.05 
2682.45 
2682.85 
2683.24 
2683.64 
2684.04 
2684.43 
2684.83 
2685.23 
2685.63 
2686.02 
2686.42 
2686.82 
2687.21 
2687.61 
2688.01 
2688.40 
2688.80 
2689.20 
2689.60 
2689.99 
2690.39 
2690.79 
2691.18 
2691.58 
2691.98 
2692.37 
2692.77 
2693.17 
2693.56 
2693.96 
2694.36 
2694.76 
2695.15 
2695.55 
2695.95 
2696.34 
2696.74 
2697.14 
2697.53 
2697.93 
2698.33 
2698.73 
2699.12 
2699.52 
2699.92 
2700.31 
2700.71 
2701.11 
2701.50 
2701.90 
2702.30 
2702.70 
2703.09 
2703.49 
2703.89 
2704.28 
2704.68 
2705.08 
2705.47 
2705.87 
2706.27 
2706.67 
2707.06 
2707.46 
2707.86 
2708.25 
2708.65 
2709.05 
2709.44 
2709.84 
2710.24 
2710.63 
2711.03 
2711.43 
2711.83 
2712.22 
2712.62 
2713.02 
2713.41 
2713.81 
2714.21 
2714.60 
2715.00 
2715.40 
2715.80 
2716.19 
2716.59 
2716.99 
2717.38 
2717.78 
2718.18 
2718.57 
2718.97 
2719.37 
2719.77 
2720.16 
2720.56 
2720.96 
2721.35 
2721.75 
2722.15 
2722.54 
2722.94 
2723.34 
2723.73 
2724.13 
2724.53 
2724.93 
2725.32 
2725.72 
2726.12 
2726.51 
2726.91 
2727.31 
2727.70 
2728.10 
2728.50 
2728.90 
2729.29 
2729.69 
2730.09 
2730.48 
2730.88 
2731.28 
2731.67 
2732.07 
2732.47 
2732.87 
2733.26 
2733.66 
2734.06 
2734.45 
2734.85 
2735.25 
2735.64 
2736.04 
2736.44 
2736.83 
2737.23 
2737.63 
2738.03 
2738.42 
2738.82 
2739.22 
2739.61 
2740.01 
2740.41 
2740.80 
2741.20 
2741.60 
2742.00 
2742.39 
2742.79 
2743.19 
2743.58 
2743.98 
2744.38 
2744.77 
2745.17 
2745.57 
2745.97 
2746.36 
2746.76 
2747.16 
2747.55 
2747.95 
2748.35 
2748.74 
2749.14 
2749.54 
2749.94 
2750.33 
2750.73 
2751.13 
2751.52 
2751.92 
2752.32 
2752.71 
2753.11 
2753.51 
2753.90 
2754.30 
2754.70 
2755.10 
2755.49 
2755.89 
2756.29 
2756.68 
2757.08 
2757.48 
2757.87 
2758.27 
2758.67 
2759.07 
2759.46 
2759.86 
2760.26 
2760.65 
2761.05 
2761.45 
2761.84 
2762.24 
2762.64 
2763.04 
2763.43 
2763.83 
2764.23 
2764.62 
2765.02 
2765.42 
2765.81 
2766.21 
2766.61 
2767.00 
2767.40 
2767.80 
2768.20 
2768.59 
2768.99 
2769.39 
2769.78 
2770.18 
2770.58 
2770.97 
2771.37 
2771.77 
2772.17 
2772.56 
2772.96 
2773.36 
2773.75 
2774.15 
2774.55 
2774.94 
2775.34 
2775.74 
2776.14 
2776.53 
2776.93 
2777.33 
2777.72 
2778.12 
2778.52 
2778.91 
2779.31 
2779.71 
2780.10 
2780.50 
2780.90 
2781.30 
2781.69 
2782.09 
2782.49 
2782.88 
2783.28 
2783.68 
2784.07 
2784.47 
2784.87 
2785.27 
2785.66 
2786.06 
2786.46 
2786.85 
2787.25 
2787.65 
2788.04 
2788.44 
2788.84 
2789.24 
2789.63 
2790.03 
2790.43 
2790.82 
2791.22 
2791.62 
2792.01 
2792.41 
2792.81 
2793.21 
2793.60 
2794.00 
2794.40 
2794.79 
2795.19 
2795.59 
2795.98 
2796.38 
2796.78 
2797.17 
2797.57 
2797.97 
2798.37 
2798.76 
2799.16 
2799.56 
2799.95 
2800.35 
2800.75 
2801.14 
2801.54 
2801.94 
2802.34 
2802.73 
2803.13 
2803.53 
2803.92 
2804.32 
2804.72 
2805.11 
2805.51 
2805.91 
2806.31 
2806.70 
2807.10 
2807.50 
2807.89 
2808.29 
2808.69 
2809.08 
2809.48 
2809.88 
2810.27 
2810.67 
2811.07 
2811.47 
2811.86 
2812.26 
2812.66 
2813.05 
2813.45 
2813.85 
2814.24 
2814.64 
2815.04 
2815.44 
2815.83 
2816.23 
2816.63 
2817.02 
2817.42 
2817.82 
2818.21 
2818.61 
2819.01 
2819.41 
2819.80 
2820.20 
2820.60 
2820.99 
2821.39 
2821.79 
2822.18 
2822.58 
2822.98 
2823.38 
2823.77 
2824.17 
2824.57 
2824.96 
2825.36 
2825.76 
2826.15 
2826.55 
2826.95 
2827.34 
2827.74 
2828.14 
2828.54 
2828.93 
2829.33 
2829.73 
2830.12 
2830.52 
2830.92 
2831.31 
2831.71 
2832.11 
2832.51 
2832.90 
2833.30 
2833.70 
2834.09 
2834.49 
2834.89 
2835.28 
2835.68 
2836.08 
2836.48 
2836.87 
2837.27 
2837.67 
2838.06 
2838.46 
2838.86 
2839.25 
2839.65 
2840.05 
2840.44 
2840.84 
2841.24 
2841.64 
2842.03 
2842.43 
2842.83 
2843.22 
2843.62 
2844.02 
2844.41 
2844.81 
2845.21 
2845.61 
2846.00 
2846.40 
2846.80 
2847.19 
2847.59 
2847.99 
2848.38 
2848.78 
2849.18 
2849.58 
2849.97 
2850.37 
2850.77 
2851.16 
2851.56 
2851.96 
2852.35 
2852.75 
2853.15 
2853.54 
2853.94 
2854.34 
2854.74 
2855.13 
2855.53 
2855.93 
2856.32 
2856.72 
2857.12 
2857.51 
2857.91 
2858.31 
2858.71 
2859.10 
2859.50 
2859.90 
2860.29 
2860.69 
2861.09 
2861.48 
2861.88 
2862.28 
2862.68 
2863.07 
2863.47 
2863.87 
2864.26 
2864.66 
2865.06 
2865.45 
2865.85 
2866.25 
2866.65 
2867.04 
2867.44 
2867.84 
2868.23 
2868.63 
2869.03 
2869.42 
2869.82 
2870.22 
2870.61 
2871.01 
2871.41 
2871.81 
2872.20 
2872.60 
2873.00 
2873.39 
2873.79 
2874.19 
2874.58 
2874.98 
2875.38 
2875.78 
2876.17 
2876.57 
2876.97 
2877.36 
2877.76 
2878.16 
2878.55 
2878.95 
2879.35 
2879.75 
2880.14 
2880.54 
2880.94 
2881.33 
2881.73 
2882.13 
2882.52 
2882.92 
2883.32 
2883.71 
2884.11 
2884.51 
2884.91 
2885.30 
2885.70 
2886.10 
2886.49 
2886.89 
2887.29 
2887.68 
2888.08 
2888.48 
2888.88 
2889.27 
2889.67 
2890.07 
2890.46 
2890.86 
2891.26 
2891.65 
2892.05 
2892.45 
2892.85 
2893.24 
2893.64 
2894.04 
2894.43 
2894.83 
2895.23 
2895.62 
2896.02 
2896.42 
2896.81 
2897.21 
2897.61 
2898.01 
2898.40 
2898.80 
2899.20 
2899.59 
2899.99 
2900.39 
2900.78 
2901.18 
2901.58 
2901.98 
2902.37 
2902.77 
2903.17 
2903.56 
2903.96 
2904.36 
2904.75 
2905.15 
2905.55 
2905.95 
2906.34 
2906.74 
2907.14 
2907.53 
2907.93 
2908.33 
2908.72 
2909.12 
2909.52 
2909.92 
2910.31 
2910.71 
2911.11 
2911.50 
2911.90 
2912.30 
2912.69 
2913.09 
2913.49 
2913.88 
2914.28 
2914.68 
2915.08 
2915.47 
2915.87 
2916.27 
2916.66 
2917.06 
2917.46 
2917.85 
2918.25 
2918.65 
2919.05 
2919.44 
2919.84 
2920.24 
2920.63 
2921.03 
2921.43 
2921.82 
2922.22 
2922.62 
2923.02 
2923.41 
2923.81 
2924.21 
2924.60 
2925.00 
2925.40 
2925.79 
2926.19 
2926.59 
2926.98 
2927.38 
2927.78 
2928.18 
2928.57 
2928.97 
2929.37 
2929.76 
2930.16 
2930.56 
2930.95 
2931.35 
2931.75 
2932.15 
2932.54 
2932.94 
2933.34 
2933.73 
2934.13 
2934.53 
2934.92 
2935.32 
2935.72 
2936.12 
2936.51 
2936.91 
2937.31 
2937.70 
2938.10 
2938.50 
2938.89 
2939.29 
2939.69 
2940.08 
2940.48 
2940.88 
2941.28 
2941.67 
2942.07 
2942.47 
2942.86 
2943.26 
2943.66 
2944.05 
2944.45 
2944.85 
2945.25 
2945.64 
2946.04 
2946.44 
2946.83 
2947.23 
2947.63 
2948.02 
2948.42 
2948.82 
2949.22 
2949.61 
2950.01 
2950.41 
2950.80 
2951.20 
2951.60 
2951.99 
2952.39 
2952.79 
2953.19 
2953.58 
2953.98 
2954.38 
2954.77 
2955.17 
2955.57 
2955.96 
2956.36 
2956.76 
2957.15 
2957.55 
2957.95 
2958.35 
2958.74 
2959.14 
2959.54 
2959.93 
2960.33 
2960.73 
2961.12 
2961.52 
2961.92 
2962.32 
2962.71 
2963.11 
2963.51 
2963.90 
2964.30 
2964.70 
2965.09 
2965.49 
2965.89 
2966.29 
2966.68 
2967.08 
2967.48 
2967.87 
2968.27 
2968.67 
2969.06 
2969.46 
2969.86 
2970.25 
2970.65 
2971.05 
2971.45 
2971.84 
2972.24 
2972.64 
2973.03 
2973.43 
2973.83 
2974.22 
2974.62 
2975.02 
2975.42 
2975.81 
2976.21 
2976.61 
2977.00 
2977.40 
2977.80 
2978.19 
2978.59 
2978.99 
2979.39 
2979.78 
2980.18 
2980.58 
2980.97 
2981.37 
2981.77 
2982.16 
2982.56 
2982.96 
2983.35 
2983.75 
2984.15 
2984.55 
2984.94 
2985.34 
2985.74 
2986.13 
2986.53 
2986.93 
2987.32 
2987.72 
2988.12 
2988.52 
2988.91 
2989.31 
2989.71 
2990.10 
2990.50 
2990.90 
2991.29 
2991.69 
2992.09 
2992.49 
2992.88 
2993.28 
2993.68 
2994.07 
2994.47 
2994.87 
2995.26 
2995.66 
2996.06 
2996.46 
2996.85 
2997.25 
2997.65 
2998.04 
2998.44 
2998.84 
2999.23 
2999.63 
3000.03 
3000.42 
3000.82 
3001.22 
3001.62 
3002.01 
3002.41 
3002.81 
3003.20 
3003.60 
3004.00 
3004.39 
3004.79 
3005.19 
3005.59 
3005.98 
3006.38 
3006.78 
3007.17 
3007.57 
3007.97 
3008.36 
3008.76 
3009.16 
3009.56 
3009.95 
3010.35 
3010.75 
3011.14 
3011.54 
3011.94 
3012.33 
3012.73 
3013.13 
3013.52 
3013.92 
3014.32 
3014.72 
3015.11 
3015.51 
3015.91 
3016.30 
3016.70 
3017.10 
3017.49 
3017.89 
3018.29 
3018.69 
3019.08 
3019.48 
3019.88 
3020.27 
3020.67 
3021.07 
3021.46 
3021.86 
3022.26 
3022.66 
3023.05 
3023.45 
3023.85 
3024.24 
3024.64 
3025.04 
3025.43 
3025.83 
3026.23 
3026.62 
3027.02 
3027.42 
3027.82 
3028.21 
3028.61 
3029.01 
3029.40 
3029.80 
3030.20 
3030.59 
3030.99 
3031.39 
3031.79 
3032.18 
3032.58 
3032.98 
3033.37 
3033.77 
3034.17 
3034.56 
3034.96 
3035.36 
3035.76 
3036.15 
3036.55 
3036.95 
3037.34 
3037.74 
3038.14 
3038.53 
3038.93 
3039.33 
3039.73 
3040.12 
3040.52 
3040.92 
3041.31 
3041.71 
3042.11 
3042.50 
3042.90 
3043.30 
3043.69 
3044.09 
3044.49 
3044.89 
3045.28 
3045.68 
3046.08 
3046.47 
3046.87 
3047.27 
3047.66 
3048.06 
3048.46 
3048.86 
3049.25 
3049.65 
3050.05 
3050.44 
3050.84 
3051.24 
3051.63 
3052.03 
3052.43 
3052.83 
3053.22 
3053.62 
3054.02 
3054.41 
3054.81 
3055.21 
3055.60 
3056.00 
3056.40 
3056.79 
3057.19 
3057.59 
3057.99 
3058.38 
3058.78 
3059.18 
3059.57 
3059.97 
3060.37 
3060.76 
3061.16 
3061.56 
3061.96 
3062.35 
3062.75 
3063.15 
3063.54 
3063.94 
3064.34 
3064.73 
3065.13 
3065.53 
3065.93 
3066.32 
3066.72 
3067.12 
3067.51 
3067.91 
3068.31 
3068.70 
3069.10 
3069.50 
3069.90 
3070.29 
3070.69 
3071.09 
3071.48 
3071.88 
3072.28 
3072.67 
3073.07 
3073.47 
3073.86 
3074.26 
3074.66 
3075.06 
3075.45 
3075.85 
3076.25 
3076.64 
3077.04 
3077.44 
3077.83 
3078.23 
3078.63 
3079.03 
3079.42 
3079.82 
3080.22 
3080.61 
3081.01 
3081.41 
3081.80 
3082.20 
3082.60 
3083.00 
3083.39 
3083.79 
3084.19 
3084.58 
3084.98 
3085.38 
3085.77 
3086.17 
3086.57 
3086.96 
3087.36 
3087.76 
3088.16 
3088.55 
3088.95 
3089.35 
3089.74 
3090.14 
3090.54 
3090.93 
3091.33 
3091.73 
3092.13 
3092.52 
3092.92 
3093.32 
3093.71 
3094.11 
3094.51 
3094.90 
3095.30 
3095.70 
3096.10 
3096.49 
3096.89 
3097.29 
3097.68 
3098.08 
3098.48 
3098.87 
3099.27 
3099.67 
3100.06 
3100.46 
3100.86 
3101.26 
3101.65 
3102.05 
3102.45 
3102.84 
3103.24 
3103.64 
3104.03 
3104.43 
3104.83 
3105.23 
3105.62 
3106.02 
3106.42 
3106.81 
3107.21 
3107.61 
3108.00 
3108.40 
3108.80 
3109.20 
3109.59 
3109.99 
3110.39 
3110.78 
3111.18 
3111.58 
3111.97 
3112.37 
3112.77 
3113.17 
3113.56 
3113.96 
3114.36 
3114.75 
3115.15 
3115.55 
3115.94 
3116.34 
3116.74 
3117.13 
3117.53 
3117.93 
3118.33 
3118.72 
3119.12 
3119.52 
3119.91 
3120.31 
3120.71 
3121.10 
3121.50 
3121.90 
3122.30 
3122.69 
3123.09 
3123.49 
3123.88 
3124.28 
3124.68 
3125.07 
3125.47 
3125.87 
3126.27 
3126.66 
3127.06 
3127.46 
3127.85 
3128.25 
3128.65 
3129.04 
3129.44 
3129.84 
3130.23 
3130.63 
3131.03 
3131.43 
3131.82 
3132.22 
3132.62 
3133.01 
3133.41 
3133.81 
3134.20 
3134.60 
3135.00 
3135.40 
3135.79 
3136.19 
3136.59 
3136.98 
3137.38 
3137.78 
3138.17 
3138.57 
3138.97 
3139.37 
3139.76 
3140.16 
3140.56 
3140.95 
3141.35 
3141.75 
3142.14 
3142.54 
3142.94 
3143.33 
3143.73 
3144.13 
3144.53 
3144.92 
3145.32 
3145.72 
3146.11 
3146.51 
3146.91 
3147.30 
3147.70 
3148.10 
3148.50 
3148.89 
3149.29 
3149.69 
3150.08 
3150.48 
3150.88 
3151.27 
3151.67 
3152.07 
3152.47 
3152.86 
3153.26 
3153.66 
3154.05 
3154.45 
3154.85 
3155.24 
3155.64 
3156.04 
3156.44 
3156.83 
3157.23 
3157.63 
3158.02 
3158.42 
3158.82 
3159.21 
3159.61 
3160.01 
3160.40 
3160.80 
3161.20 
3161.60 
3161.99 
3162.39 
3162.79 
3163.18 
3163.58 
3163.98 
3164.37 
3164.77 
3165.17 
3165.57 
3165.96 
3166.36 
3166.76 
3167.15 
3167.55 
3167.95 
3168.34 
3168.74 
3169.14 
3169.54 
3169.93 
3170.33 
3170.73 
3171.12 
3171.52 
3171.92 
3172.31 
3172.71 
3173.11 
3173.50 
3173.90 
3174.30 
3174.70 
3175.09 
3175.49 
3175.89 
3176.28 
3176.68 
3177.08 
3177.47 
3177.87 
3178.27 
3178.67 
3179.06 
3179.46 
3179.86 
3180.25 
3180.65 
3181.05 
3181.44 
3181.84 
3182.24 
3182.64 
3183.03 
3183.43 
3183.83 
3184.22 
3184.62 
3185.02 
3185.41 
3185.81 
3186.21 
3186.60 
3187.00 
3187.40 
3187.80 
3188.19 
3188.59 
3188.99 
3189.38 
3189.78 
3190.18 
3190.57 
3190.97 
3191.37 
3191.77 
3192.16 
3192.56 
3192.96 
3193.35 
3193.75 
3194.15 
3194.54 
3194.94 
3195.34 
3195.74 
3196.13 
3196.53 
3196.93 
3197.32 
3197.72 
3198.12 
3198.51 
3198.91 
3199.31 
3199.71 
3200.10 
3200.50 
3200.90 
3201.29 
3201.69 
3202.09 
3202.48 
3202.88 
3203.28 
3203.67 
3204.07 
3204.47 
3204.87 
3205.26 
3205.66 
3206.06 
3206.45 
3206.85 
3207.25 
3207.64 
3208.04 
3208.44 
3208.84 
3209.23 
3209.63 
3210.03 
3210.42 
3210.82 
3211.22 
3211.61 
3212.01 
3212.41 
3212.81 
3213.20 
3213.60 
3214.00 
3214.39 
3214.79 
3215.19 
3215.58 
3215.98 
3216.38 
3216.77 
3217.17 
3217.57 
3217.97 
3218.36 
3218.76 
3219.16 
3219.55 
3219.95 
3220.35 
3220.74 
3221.14 
3221.54 
3221.94 
3222.33 
3222.73 
3223.13 
3223.52 
3223.92 
3224.32 
3224.71 
3225.11 
3225.51 
3225.91 
3226.30 
3226.70 
3227.10 
3227.49 
3227.89 
3228.29 
3228.68 
3229.08 
3229.48 
3229.88 
3230.27 
3230.67 
3231.07 
3231.46 
3231.86 
3232.26 
3232.65 
3233.05 
3233.45 
3233.84 
3234.24 
3234.64 
3235.04 
3235.43 
3235.83 
3236.23 
3236.62 
3237.02 
3237.42 
3237.81 
3238.21 
3238.61 
3239.01 
3239.40 
3239.80 
3240.20 
3240.59 
3240.99 
3241.39 
3241.78 
3242.18 
3242.58 
3242.98 
3243.37 
3243.77 
3244.17 
3244.56 
3244.96 
3245.36 
3245.75 
3246.15 
3246.55 
3246.94 
3247.34 
3247.74 
3248.14 
3248.53 
3248.93 
3249.33 
3249.72 
3250.12 
3250.52 
3250.91 
3251.31 
3251.71 
3252.11 
3252.50 
3252.90 
3253.30 
3253.69 
3254.09 
3254.49 
3254.88 
3255.28 
3255.68 
3256.08 
3256.47 
3256.87 
3257.27 
3257.66 
3258.06 
3258.46 
3258.85 
3259.25 
3259.65 
3260.04 
3260.44 
3260.84 
3261.24 
3261.63 
3262.03 
3262.43 
3262.82 
3263.22 
3263.62 
3264.01 
3264.41 
3264.81 
3265.21 
3265.60 
3266.00 
3266.40 
3266.79 
3267.19 
3267.59 
3267.98 
3268.38 
3268.78 
3269.18 
3269.57 
3269.97 
3270.37 
3270.76 
3271.16 
3271.56 
3271.95 
3272.35 
3272.75 
3273.15 
3273.54 
3273.94 
3274.34 
3274.73 
3275.13 
3275.53 
3275.92 
3276.32 
3276.72 
3277.11 
3277.51 
3277.91 
3278.31 
3278.70 
3279.10 
3279.50 
3279.89 
3280.29 
3280.69 
3281.08 
3281.48 
3281.88 
3282.28 
3282.67 
3283.07 
3283.47 
3283.86 
3284.26 
3284.66 
3285.05 
3285.45 
3285.85 
3286.25 
3286.64 
3287.04 
3287.44 
3287.83 
3288.23 
3288.63 
3289.02 
3289.42 
3289.82 
3290.21 
3290.61 
3291.01 
3291.41 
3291.80 
3292.20 
3292.60 
3292.99 
3293.39 
3293.79 
3294.18 
3294.58 
3294.98 
3295.38 
3295.77 
3296.17 
3296.57 
3296.96 
3297.36 
3297.76 
3298.15 
3298.55 
3298.95 
3299.35 
3299.74 
3300.14 
3300.54 
3300.93 
3301.33 
3301.73 
3302.12 
3302.52 
3302.92 
3303.31 
3303.71 
3304.11 
3304.51 
3304.90 
3305.30 
3305.70 
3306.09 
3306.49 
3306.89 
3307.28 
3307.68 
3308.08 
3308.48 
3308.87 
3309.27 
3309.67 
3310.06 
3310.46 
3310.86 
3311.25 
3311.65 
3312.05 
3312.45 
3312.84 
3313.24 
3313.64 
3314.03 
3314.43 
3314.83 
3315.22 
3315.62 
3316.02 
3316.42 
3316.81 
3317.21 
3317.61 
3318.00 
3318.40 
3318.80 
3319.19 
3319.59 
3319.99 
3320.38 
3320.78 
3321.18 
3321.58 
3321.97 
3322.37 
3322.77 
3323.16 
3323.56 
3323.96 
3324.35 
3324.75 
3325.15 
3325.55 
3325.94 
3326.34 
3326.74 
3327.13 
3327.53 
3327.93 
3328.32 
3328.72 
3329.12 
3329.52 
3329.91 
3330.31 
3330.71 
3331.10 